1898
385
929
114
1268
2641
199
870
2659
2076
2278
1924
254
820
200
1253
1424
1721
2420
2974
737
1998
2243
150
2178
517
326
969
1062
1199
561
1916
1252
1549
2034
1205
1650
580
664
1166
387
1427
1890
318
965
1410
2509
1979
16
1312
1751
2258
2435
2444
2738
253
267
397
873
930
1034
1159
1226
405
1412
351
1685
2941
1932
2575
217
2681
563
633
839
1084
1651
2091
2273
2374
2731
2982
2989
160
265
344
406
449
482
492
608
722
738
1039
1365
1464
1573
1752
1805
1879
1910
1994
2135
2280
2284
2295
2311
2390
2451
2519
2727
2886
284
286
342
404
476
530
678
838
893
995
1024
1261
1356
1479
1493
1630
1692
1715
1790
1844
1865
1913
2190
2202
2241
2315
2465
2491
2559
2584
2621
2763
2792
2864
2961
2993
25
106
135
229
317
484
518
521
724
797
849
963
1307
1443
1536
1594
1601
1797
1917
2112
2636
2822
2883
2992
66
310
350
362
609
616
627
642
648
719
740
804
1003
1009
1026
1059
1286
1337
1379
1383
1441
1504
1642
1644
1682
1828
2013
2060
2133
2139
2170
2242
2346
2612
2658
2802
2996
2
5
53
70
94
99
146
272
368
413
440
483
504
509
552
564
602
610
836
1012
1067
1105
1142
1154
1189
1204
1220
1382
1418
1462
1513
1557
1586
1617
1684
1716
1731
1768
1831
2041
2064
2235
2294
2322
2343
2396
2433
2483
2517
2557
2611
2647
2652
2724
18
63
101
124
184
227
273
472
480
495
621
670
967
994
1018
1027
1138
1152
1185
1219
1232
1244
1313
1348
1426
1528
1537
1547
1609
1652
1664
1673
1709
1792
1843
1881
1935
2021
2051
2083
2153
2174
2182
2189
2239
2268
2289
2290
2340
2428
2437
2469
2489
2496
2563
2600
2603
2661
2675
2683
2728
2781
2895
2897
2952
2963
2984
9
61
64
67
73
77
82
156
164
175
214
243
333
335
447
486
519
600
623
671
688
745
746
777
949
972
992
1043
1089
1158
1236
1240
1257
1343
1369
1377
1492
1516
1615
1663
1727
1756
1773
1948
1959
1987
1996
2001
2075
2077
2086
2127
2197
2206
2256
2259
2393
2399
2430
2477
2515
2561
2576
2599
2648
2649
2666
2677
2709
2747
2749
2785
2806
2848
2866
2880
2887
2902
2923
2951
2965
2999
33
43
56
68
147
236
247
257
275
296
336
394
402
525
539
541
545
583
651
668
819
825
828
850
863
875
911
913
937
938
962
990
998
1014
1023
1053
1065
1070
1071
1080
1110
1127
1135
1141
1272
1345
1411
1419
1453
1465
1467
1477
1533
1611
1643
1661
1666
1671
1703
1718
1772
1795
1808
1841
1887
1894
1942
1957
1984
1989
2037
2050
2074
2090
2093
2094
2132
2161
2177
2237
2246
2257
2269
2277
2302
2319
2358
2359
2400
2462
2505
2585
2598
2725
2730
2789
2938
14
122
235
259
264
280
303
332
396
408
433
443
505
577
624
647
681
747
773
814
844
884
889
895
915
939
951
976
1041
1088
1091
1100
1128
1184
1200
1246
1269
1309
1332
1433
1435
1438
1458
1488
1500
1564
1587
1621
1669
1770
1787
1794
1802
1811
1837
1914
1953
1990
2000
2018
2027
2044
2049
2054
2113
2116
2158
2223
2229
2292
2312
2314
2328
2375
2446
2485
2520
2526
2593
2629
2653
2708
2716
2719
2723
2741
2821
2859
2862
2901
2914
2917
2932
2977
2983
79
136
141
145
151
187
204
223
233
239
252
301
314
358
432
487
489
494
527
553
622
661
669
713
730
744
823
848
925
936
941
1020
1048
1069
1124
1172
1201
1218
1223
1225
1287
1338
1394
1400
1444
1449
1473
1484
1531
1535
1589
1597
1608
1612
1620
1625
1639
1653
1720
1741
1748
1757
1791
1807
1834
1872
1936
1980
1986
2025
2038
2059
2070
2080
2082
2105
2149
2207
2260
2263
2283
2316
2321
2349
2394
2397
2404
2415
2417
2425
2426
2431
2459
2476
2494
2534
2672
2726
2740
2752
2755
2796
2811
2818
2846
2872
2947
2976
142
185
198
226
238
241
256
513
526
565
576
585
630
637
641
694
739
743
749
753
761
782
799
869
877
891
903
904
918
945
948
970
1031
1044
1054
1058
1087
1099
1109
1122
1136
1160
1161
1191
1195
1216
1227
1235
1248
1263
1306
1311
1325
1342
1350
1354
1358
1362
1407
1428
1447
1452
1506
1517
1524
1569
1598
1614
1641
1687
1690
1702
1725
1728
1740
1754
1777
1817
1876
1940
1941
1969
2005
2006
2061
2088
2122
2141
2145
2154
2165
2168
2169
2172
2221
2232
2293
2347
2351
2362
2363
2369
2389
2443
2471
2513
2518
2527
2529
2544
2607
2620
2631
2692
2773
2804
2832
2861
2916
2921
2936
2964
2968
10
20
21
76
109
116
161
166
220
224
232
266
279
282
302
311
366
367
410
466
478
501
508
523
532
534
588
589
590
731
733
789
796
829
831
953
973
984
999
1004
1057
1076
1082
1104
1112
1150
1151
1156
1173
1222
1241
1251
1267
1276
1305
1316
1336
1406
1413
1436
1446
1472
1482
1520
1541
1596
1637
1645
1677
1705
1771
1783
1784
1809
1813
1833
1861
1893
1903
1912
1931
1950
1960
1974
2009
2056
2079
2130
2136
2171
2199
2204
2209
2210
2222
2247
2262
2276
2327
2329
2416
2422
2463
2478
2495
2504
2506
2511
2556
2562
2596
2619
2627
2660
2687
2688
2697
2699
2721
2761
2766
2778
2791
2794
2844
2857
2863
2867
2891
2931
2944
2945
2954
2958
2987
15
50
84
128
178
186
211
255
346
347
354
361
377
382
426
438
459
462
481
554
555
559
579
601
626
634
636
645
655
699
702
704
727
729
732
759
791
813
858
881
885
898
902
906
924
927
1011
1052
1056
1111
1113
1123
1126
1157
1164
1170
1254
1259
1335
1352
1360
1389
1404
1422
1429
1538
1543
1616
1662
1700
1737
1749
1753
1762
1766
1776
1798
1854
1882
1904
1911
1922
1926
1937
1952
2023
2029
2036
2092
2108
2146
2186
2201
2252
2282
2330
2350
2364
2366
2376
2383
2408
2427
2449
2458
2464
2484
2528
2549
2550
2551
2565
2569
2578
2633
2664
2667
2670
2713
2774
2836
2842
2847
2874
2881
2896
2908
0
1
3
4
6
7
8
11
12
13
17
19
22
23
24
26
27
28
29
30
31
32
34
35
36
37
38
39
40
41
42
44
45
46
47
48
49
51
52
54
55
57
58
59
60
62
65
69
71
72
74
75
78
80
81
83
85
86
87
88
89
90
91
92
93
95
96
97
98
100
102
103
104
105
107
108
110
111
112
113
115
117
118
119
120
121
123
125
126
127
129
130
131
132
133
134
137
138
139
140
143
144
148
149
152
153
154
155
157
158
167
174
159
162
163
168
165
171
203
173
169
170
172
177
179
221
192
191
250
176
193
183
195
180
196
201
207
206
209
212
181
210
213
188
216
234
298
218
190
299
215
222
219
230
304
240
245
248
182
189
258
194
384
228
260
205
268
269
262
244
281
246
208
283
242
263
274
290
197
276
285
316
388
390
202
225
292
436
293
300
392
309
399
289
469
315
237
291
319
294
297
329
323
339
340
306
429
312
271
295
352
356
357
529
313
360
343
320
363
372
365
373
374
383
430
321
231
391
324
490
325
393
568
327
407
249
330
506
571
414
251
261
270
389
635
415
497
417
612
420
762
422
338
278
805
423
544
345
400
431
434
516
349
452
353
437
441
450
355
458
557
444
473
479
398
686
502
370
687
277
287
288
305
307
308
322
328
331
334
337
341
348
359
364
369
371
375
376
378
379
380
381
386
395
401
403
409
411
412
416
418
419
421
424
425
427
428
435
439
442
445
446
448
451
453
454
455
456
457
460
461
463
464
465
467
468
470
471
474
475
477
485
488
491
493
496
498
499
500
503
507
510
511
512
514
515
520
522
524
528
531
533
535
536
537
538
540
542
543
546
547
548
549
550
551
556
558
560
562
566
567
569
570
572
573
574
575
578
581
582
584
586
587
591
592
593
594
595
596
597
598
599
603
604
605
606
607
611
613
614
615
617
618
619
620
625
628
629
631
632
638
639
640
643
644
646
649
650
652
653
654
656
657
658
659
660
662
663
665
666
667
672
673
674
675
676
677
679
680
682
683
684
685
689
690
691
692
693
695
696
697
698
700
701
703
705
706
707
708
709
710
711
712
714
715
716
717
718
720
721
723
725
726
728
734
735
736
741
742
748
750
751
752
754
755
756
757
758
760
763
764
765
766
767
768
769
770
771
772
774
775
776
778
779
780
781
783
784
785
786
787
788
790
792
793
794
795
798
800
801
802
803
806
807
808
809
810
811
812
815
816
817
818
821
822
824
826
827
830
832
833
834
835
837
840
841
842
843
845
846
847
851
852
853
854
855
856
857
859
860
861
862
864
865
866
867
868
871
872
874
876
878
879
880
882
883
886
887
888
890
892
894
896
897
899
900
901
905
907
908
909
910
912
914
916
917
919
920
921
922
923
926
928
931
932
933
934
935
940
942
943
944
946
947
950
952
954
955
956
957
958
959
960
961
964
966
968
971
974
975
977
978
979
980
981
982
983
985
986
987
988
989
991
993
996
997
1000
1001
1002
1005
1006
1007
1008
1010
1013
1015
1016
1017
1019
1021
1022
1025
1028
1029
1030
1032
1033
1035
1036
1037
1038
1040
1042
1045
1046
1047
1049
1050
1051
1055
1060
1061
1063
1064
1066
1068
1072
1073
1074
1075
1077
1078
1079
1081
1083
1085
1086
1090
1092
1093
1094
1095
1096
1097
1098
1101
1102
1103
1106
1107
1108
1114
1115
1116
1117
1118
1119
1120
1121
1125
1129
1130
1131
1132
1133
1134
1137
1139
1140
1143
1144
1145
1146
1147
1148
1149
1153
1155
1162
1163
1165
1167
1168
1169
1171
1174
1175
1176
1177
1178
1179
1180
1181
1182
1183
1186
1187
1188
1190
1192
1193
1194
1196
1197
1198
1202
1203
1206
1207
1208
1209
1210
1211
1212
1213
1214
1215
1217
1221
1224
1228
1229
1230
1231
1233
1234
1237
1238
1239
1242
1243
1245
1247
1249
1250
1255
1256
1258
1260
1262
1264
1265
1266
1270
1271
1273
1274
1275
1277
1278
1279
1280
1281
1282
1283
1284
1285
1288
1289
1290
1291
1292
1293
1294
1295
1296
1297
1298
1299
1300
1301
1302
1303
1304
1308
1310
1314
1315
1317
1318
1319
1320
1321
1322
1323
1324
1326
1327
1328
1329
1330
1331
1333
1334
1339
1340
1341
1344
1346
1347
1349
1351
1353
1355
1357
1359
1361
1363
1364
1366
1367
1368
1370
1371
1372
1373
1374
1375
1376
1378
1380
1381
1384
1385
1386
1387
1388
1390
1391
1392
1393
1395
1396
1397
1398
1399
1401
1402
1403
1405
1408
1409
1414
1415
1416
1417
1420
1421
1423
1425
1430
1431
1432
1434
1437
1439
1440
1442
1445
1448
1450
1451
1454
1455
1456
1457
1459
1460
1461
1463
1466
1468
1469
1470
1471
1474
1475
1476
1478
1480
1481
1483
1485
1486
1487
1489
1490
1491
1494
1495
1496
1497
1498
1499
1501
1502
1503
1505
1507
1508
1509
1510
1511
1512
1514
1515
1518
1519
1521
1522
1523
1525
1526
1527
1529
1530
1532
1534
1539
1540
1542
1544
1545
1546
1548
1550
1551
1552
1553
1554
1555
1556
1558
1559
1560
1561
1562
1563
1565
1566
1567
1568
1570
1571
1572
1574
1575
1576
1577
1578
1579
1580
1581
1582
1583
1584
1585
1588
1590
1591
1592
1593
1595
1599
1600
1602
1603
1604
1605
1606
1607
1610
1613
1618
1619
1622
1623
1624
1626
1627
1628
1629
1631
1632
1633
1634
1635
1636
1638
1640
1646
1647
1648
1649
1654
1655
1656
1657
1658
1659
1660
1665
1667
1668
1670
1672
1674
1675
1676
1678
1679
1680
1681
1683
1686
1688
1689
1691
1693
1694
1695
1696
1697
1698
1699
1701
1704
1706
1707
1708
1710
1711
1712
1713
1714
1717
1719
1722
1723
1724
1726
1729
1730
1732
1733
1734
1735
1736
1738
1739
1742
1743
1744
1745
1746
1747
1750
1755
1758
1759
1760
1761
1763
1764
1765
1767
1769
1774
1775
1778
1779
1780
1781
1782
1785
1786
1788
1789
1793
1796
1799
1800
1801
1803
1804
1806
1810
1812
1814
1815
1816
1818
1819
1820
1821
1822
1823
1824
1825
1826
1827
1829
1830
1832
1835
1836
1838
1839
1840
1842
1845
1846
1847
1848
1849
1850
1851
1852
1853
1855
1856
1857
1858
1859
1860
1862
1863
1864
1866
1867
1868
1869
1870
1871
1873
1874
1875
1877
1878
1880
1883
1884
1885
1886
1888
1889
1891
1892
1895
1896
1897
1899
1900
1901
1902
1905
1906
1907
1908
1909
1915
1918
1919
1920
1921
1923
1925
1927
1928
1929
1930
1933
1934
1938
1939
1943
1944
1945
1946
1947
1949
1951
1954
1955
1956
1958
1961
1962
1963
1964
1965
1966
1967
1968
1970
1971
1972
1973
1975
1976
1977
1978
1981
1982
1983
1985
1988
1991
1992
1993
1995
1997
1999
2002
2003
2004
2007
2008
2010
2011
2012
2014
2015
2016
2017
2019
2020
2022
2024
2026
2028
2030
2031
2032
2033
2035
2039
2040
2042
2043
2045
2046
2047
2048
2052
2053
2055
2057
2058
2062
2063
2065
2066
2067
2068
2069
2071
2072
2073
2078
2081
2084
2085
2087
2089
2095
2096
2097
2098
2099
2100
2101
2102
2103
2104
2106
2107
2109
2110
2111
2114
2115
2117
2118
2119
2120
2121
2123
2124
2125
2126
2128
2129
2131
2134
2137
2138
2140
2142
2143
2144
2147
2148
2150
2151
2152
2155
2156
2157
2159
2160
2162
2163
2164
2166
2167
2173
2175
2176
2179
2180
2181
2183
2184
2185
2187
2188
2191
2192
2193
2194
2195
2196
2198
2200
2203
2205
2208
2211
2212
2213
2214
2215
2216
2217
2218
2219
2220
2224
2225
2226
2227
2228
2230
2231
2233
2234
2236
2238
2240
2244
2245
2248
2249
2250
2251
2253
2254
2255
2261
2264
2265
2266
2267
2270
2271
2272
2274
2275
2279
2281
2285
2286
2287
2288
2291
2296
2297
2298
2299
2300
2301
2303
2304
2305
2306
2307
2308
2309
2310
2313
2317
2318
2320
2323
2324
2325
2326
2331
2332
2333
2334
2335
2336
2337
2338
2339
2341
2342
2344
2345
2348
2352
2353
2354
2355
2356
2357
2360
2361
2365
2367
2368
2370
2371
2372
2373
2377
2378
2379
2380
2381
2382
2384
2385
2386
2387
2388
2391
2392
2395
2398
2401
2402
2403
2405
2406
2407
2409
2410
2411
2412
2413
2414
2418
2419
2421
2423
2424
2429
2432
2434
2436
2438
2439
2440
2441
2442
2445
2447
2448
2450
2452
2453
2454
2455
2456
2457
2460
2461
2466
2467
2468
2470
2472
2473
2474
2475
2479
2480
2481
2482
2486
2487
2488
2490
2492
2493
2497
2498
2499
2500
2501
2502
2503
2507
2508
2510
2512
2514
2516
2521
2522
2523
2524
2525
2530
2531
2532
2533
2535
2536
2537
2538
2539
2540
2541
2542
2543
2545
2546
2547
2548
2552
2553
2554
2555
2558
2560
2564
2566
2567
2568
2570
2571
2572
2573
2574
2577
2579
2580
2581
2582
2583
2586
2587
2588
2589
2590
2591
2592
2594
2595
2597
2601
2602
2604
2605
2606
2608
2609
2610
2613
2614
2615
2616
2617
2618
2622
2623
2624
2625
2626
2628
2630
2632
2634
2635
2637
2638
2639
2640
2642
2643
2644
2645
2646
2650
2651
2654
2655
2656
2657
2662
2663
2665
2668
2669
2671
2673
2674
2676
2678
2679
2680
2682
2684
2685
2686
2689
2690
2691
2693
2694
2695
2696
2698
2700
2701
2702
2703
2704
2705
2706
2707
2710
2711
2712
2714
2715
2717
2718
2720
2722
2729
2732
2733
2734
2735
2736
2737
2739
2742
2743
2744
2745
2746
2748
2750
2751
2753
2754
2756
2757
2758
2759
2760
2762
2764
2765
2767
2768
2769
2770
2771
2772
2775
2776
2777
2779
2780
2782
2783
2784
2786
2787
2788
2790
2793
2795
2797
2798
2799
2800
2801
2803
2805
2807
2808
2809
2810
2812
2813
2814
2815
2816
2817
2819
2820
2823
2824
2825
2826
2827
2828
2829
2830
2831
2833
2834
2835
2837
2838
2839
2840
2841
2843
2845
2849
2850
2851
2852
2853
2854
2855
2856
2858
2860
2865
2868
2869
2870
2871
2873
2875
2876
2877
2878
2879
2882
2884
2885
2888
2889
2890
2892
2893
2894
2898
2899
2900
2903
2904
2905
2906
2907
2909
2910
2911
2912
2913
2915
2918
2919
2920
2922
2924
2925
2926
2927
2928
2929
2930
2933
2934
2935
2937
2939
2940
2942
2943
2946
2948
2949
2950
2953
2955
2956
2957
2959
2960
2962
2966
2967
2969
2970
2971
2972
2973
2975
2978
2979
2980
2981
2985
2986
2988
2990
2991
2994
2995
2997
2998
