210
1300
347
476
2605
467
994
2182
2196
2572
1946
2806
1970
783
2687
376
1789
338
424
2780
1440
2717
2888
82
1870
333
594
614
2384
1093
2646
285
291
2544
772
2102
906
2699
1607
1697
2429
1518
2893
1199
1246
84
2997
1428
219
284
506
510
1244
1295
1517
1639
501
1885
401
2621
144
627
2920
701
723
973
1497
791
1321
1266
1572
1861
2312
2638
2648
2731
2753
2779
42
331
435
634
620
663
1159
1210
1233
2188
2270
2394
2493
2676
2689
2791
161
297
695
1004
1015
1151
1261
1309
1409
1676
1682
1765
1777
1799
1877
1893
1942
1975
2067
2246
2310
2437
2527
2577
2603
2754
2900
18
46
172
358
372
512
600
678
712
775
785
1006
1032
1058
1113
1115
1477
1492
1493
1506
1588
1618
1881
2019
2078
2131
2173
2395
2554
2636
2798
2847
2918
6
111
263
403
481
487
573
776
879
928
1291
1383
1446
1489
1525
1599
1667
1745
1912
1917
1959
2061
2093
2235
2263
2301
2393
2482
2496
2543
2604
2657
2801
2904
2968
2976
29
38
73
101
174
276
322
337
413
515
586
619
622
643
674
687
713
768
943
974
1035
1053
1092
1097
1119
1122
1226
1411
1436
1620
1659
1751
1762
1839
1886
1932
1993
2028
2069
2105
2126
2168
2402
2459
2532
2690
2705
2716
2759
2776
2978
31
71
98
205
227
282
311
393
425
475
489
555
679
684
721
722
869
873
942
961
983
991
1025
1037
1105
1112
1173
1176
1511
1542
1562
1602
1646
1671
1688
1702
1822
1855
1864
1916
1980
1996
2009
2049
2071
2089
2142
2146
2167
2249
2365
2481
2516
2517
2536
2541
2627
2677
2691
2709
2739
2749
2863
2955
2973
2999
77
128
140
145
165
204
265
334
352
452
503
526
538
558
561
609
652
658
683
702
811
1011
1041
1061
1085
1099
1157
1211
1215
1241
1242
1323
1330
1371
1390
1469
1544
1550
1578
1591
1624
1656
1722
1798
1800
1833
1847
1910
1913
1976
2080
2081
2084
2245
2268
2307
2387
2417
2492
2495
2508
2513
2591
2610
2693
2719
2730
2840
2841
2886
2936
2937
2943
2987
0
1
35
112
129
137
363
399
474
520
546
669
677
733
740
833
841
909
975
987
1094
1137
1354
1384
1399
1417
1418
1467
1534
1569
1574
1657
1680
1690
1735
1850
1854
1909
1923
1995
2036
2123
2226
2343
2361
2464
2503
2514
2660
2713
2732
2741
2942
2962
2970
40
88
208
281
303
398
400
414
421
443
458
478
482
490
505
528
578
645
670
676
716
734
751
794
818
840
856
897
1042
1045
1117
1133
1138
1161
1181
1216
1221
1232
1234
1264
1301
1434
1443
1504
1528
1554
1612
1628
1638
1663
1677
1678
1698
1704
1755
1884
1938
1989
2026
2091
2099
2107
2111
2199
2232
2236
2259
2367
2369
2413
2474
2551
2592
2593
2596
2602
2608
2634
2672
2715
2745
2813
2824
2848
2854
2907
2990
2992
55
78
103
141
150
168
191
220
294
302
326
327
335
348
351
355
386
442
557
580
592
595
617
629
664
689
700
728
760
769
834
835
903
962
1016
1065
1077
1095
1147
1156
1218
1258
1284
1341
1432
1445
1448
1488
1510
1533
1540
1548
1555
1576
1629
1641
1713
1719
1769
1772
1775
1797
1830
1871
1873
1887
1899
1962
1963
1965
1981
1992
2010
2013
2034
2133
2157
2164
2205
2208
2275
2302
2328
2340
2345
2379
2386
2403
2406
2416
2463
2471
2771
2885
2974
2977
2994
22
30
53
66
67
154
170
171
186
223
224
290
315
325
332
341
404
464
468
519
570
591
602
615
765
780
784
788
815
817
828
867
889
910
932
959
967
969
1003
1038
1054
1055
1102
1165
1167
1192
1197
1200
1228
1245
1263
1271
1397
1402
1421
1438
1499
1522
1549
1597
1675
1684
1700
1726
1776
1876
1901
1908
1920
1939
1944
1968
1990
2024
2035
2092
2130
2181
2183
2187
2206
2230
2248
2264
2297
2306
2326
2351
2364
2366
2397
2398
2400
2443
2444
2449
2480
2488
2542
2635
2651
2729
2763
2797
2814
2844
2846
2896
2905
8
13
45
87
104
107
131
156
160
183
196
236
241
266
286
394
409
431
439
457
471
500
502
522
531
547
577
597
626
632
646
661
707
747
787
816
830
858
863
874
890
896
936
964
976
1012
1017
1031
1071
1073
1132
1139
1140
1195
1196
1209
1269
1286
1303
1362
1376
1385
1457
1523
1546
1613
1644
1664
1710
1737
1750
1757
1761
1764
1770
1786
1794
1809
1815
1821
1919
1945
1948
1949
1955
1972
1985
2016
2077
2144
2150
2174
2195
2211
2251
2261
2274
2283
2296
2298
2352
2355
2414
2421
2423
2432
2555
2625
2664
2680
2681
2701
2738
2747
2784
2800
2807
2831
2851
2872
2883
2906
2989
2998
41
57
76
91
214
247
389
415
416
454
544
583
636
638
649
753
759
764
767
781
798
832
845
862
864
883
899
918
921
966
995
1024
1048
1057
1069
1078
1081
1087
1089
1100
1110
1141
1184
1201
1217
1240
1248
1257
1259
1260
1292
1302
1332
1334
1340
1345
1364
1377
1406
1413
1422
1429
1439
1451
1486
1500
1537
1577
1635
1647
1749
1763
1787
1810
1869
1889
1907
1984
2014
2070
2087
2100
2118
2225
2231
2258
2308
2314
2360
2363
2388
2408
2410
2450
2501
2600
2616
2639
2662
2698
2710
2724
2787
2792
2799
2832
2857
2890
2899
2908
2925
2956
2964
2967
2995
2996
24
54
80
92
105
109
135
138
147
177
182
188
203
230
256
304
343
356
364
377
379
429
448
451
472
484
493
509
524
543
589
603
639
671
698
755
758
814
823
843
854
876
882
885
895
913
920
924
968
989
999
1007
1008
1026
1029
1056
1062
1080
1106
1129
1162
1169
1172
1185
1194
1202
1205
1225
1289
1379
1387
1401
1419
1437
1442
1460
1463
1475
1476
1530
1545
1564
1573
1582
1731
1747
1768
1802
1813
1814
1816
1828
1834
1941
1953
1967
1971
2023
2031
2072
2088
2116
2159
2194
2216
2217
2294
2319
2354
2381
2405
2409
2434
2455
2484
2491
2499
2518
2522
2559
2574
2599
2613
2642
2659
2700
2726
2783
2795
2833
2837
2859
2889
2909
2910
2921
2926
2927
2932
2933
2935
2954
2963
2972
2
3
4
5
7
9
10
11
12
14
15
16
17
19
20
21
23
25
26
27
28
32
33
34
36
37
39
43
44
47
48
49
50
51
52
56
58
59
60
61
62
63
64
65
68
69
70
72
74
75
79
81
83
85
86
89
90
93
94
95
96
97
99
100
102
106
108
110
113
114
115
116
117
118
119
120
121
122
123
124
125
126
127
130
132
133
134
136
139
142
143
146
148
149
151
152
153
155
157
158
159
162
163
164
166
167
169
173
175
176
178
180
209
179
181
190
184
185
187
229
222
235
206
253
189
192
193
194
195
198
232
244
255
257
245
242
260
212
207
378
211
417
213
216
226
307
261
237
197
262
456
272
314
270
274
277
200
298
278
299
250
301
287
310
228
234
375
320
321
312
199
201
465
246
231
336
238
470
248
233
349
324
365
397
514
258
430
396
202
412
418
427
542
419
269
420
648
428
438
453
240
271
275
479
688
279
699
463
488
495
316
215
217
288
508
218
239
521
518
534
527
535
305
537
306
225
539
549
554
295
541
339
243
545
553
387
432
300
720
556
564
449
559
499
280
569
598
273
221
599
601
574
576
422
870
308
249
251
585
623
900
608
625
267
611
630
283
640
650
292
655
657
551
660
681
710
309
714
708
724
328
711
579
725
727
252
254
259
264
268
289
293
296
313
317
318
319
323
329
330
340
342
344
345
346
350
353
354
357
359
360
361
362
366
367
368
369
370
371
373
374
380
381
382
383
384
385
388
390
391
392
395
402
405
406
407
408
410
411
423
426
433
434
436
437
440
441
444
445
446
447
450
455
459
460
461
462
466
469
473
477
480
483
485
486
491
492
494
496
497
498
504
507
511
513
516
517
523
525
529
530
532
533
536
540
548
550
552
560
562
563
565
566
567
568
571
572
575
581
582
584
587
588
590
593
596
604
605
606
607
610
612
613
616
618
621
624
628
631
633
635
637
641
642
644
647
651
653
654
656
659
662
665
666
667
668
672
673
675
680
682
685
686
690
691
692
693
694
696
697
703
704
705
706
709
715
717
718
719
726
729
730
731
732
735
736
737
738
739
741
742
743
744
745
746
748
749
750
752
754
756
757
761
762
763
766
770
771
773
774
777
778
779
782
786
789
790
792
793
795
796
797
799
800
801
802
803
804
805
806
807
808
809
810
812
813
819
820
821
822
824
825
826
827
829
831
836
837
838
839
842
844
846
847
848
849
850
851
852
853
855
857
859
860
861
865
866
868
871
872
875
877
878
880
881
884
886
887
888
891
892
893
894
898
901
902
904
905
907
908
911
912
914
915
916
917
919
922
923
925
926
927
929
930
931
933
934
935
937
938
939
940
941
944
945
946
947
948
949
950
951
952
953
954
955
956
957
958
960
963
965
970
971
972
977
978
979
980
981
982
984
985
986
988
990
992
993
996
997
998
1000
1001
1002
1005
1009
1010
1013
1014
1018
1019
1020
1021
1022
1023
1027
1028
1030
1033
1034
1036
1039
1040
1043
1044
1046
1047
1049
1050
1051
1052
1059
1060
1063
1064
1066
1067
1068
1070
1072
1074
1075
1076
1079
1082
1083
1084
1086
1088
1090
1091
1096
1098
1101
1103
1104
1107
1108
1109
1111
1114
1116
1118
1120
1121
1123
1124
1125
1126
1127
1128
1130
1131
1134
1135
1136
1142
1143
1144
1145
1146
1148
1149
1150
1152
1153
1154
1155
1158
1160
1163
1164
1166
1168
1170
1171
1174
1175
1177
1178
1179
1180
1182
1183
1186
1187
1188
1189
1190
1191
1193
1198
1203
1204
1206
1207
1208
1212
1213
1214
1219
1220
1222
1223
1224
1227
1229
1230
1231
1235
1236
1237
1238
1239
1243
1247
1249
1250
1251
1252
1253
1254
1255
1256
1262
1265
1267
1268
1270
1272
1273
1274
1275
1276
1277
1278
1279
1280
1281
1282
1283
1285
1287
1288
1290
1293
1294
1296
1297
1298
1299
1304
1305
1306
1307
1308
1310
1311
1312
1313
1314
1315
1316
1317
1318
1319
1320
1322
1324
1325
1326
1327
1328
1329
1331
1333
1335
1336
1337
1338
1339
1342
1343
1344
1346
1347
1348
1349
1350
1351
1352
1353
1355
1356
1357
1358
1359
1360
1361
1363
1365
1366
1367
1368
1369
1370
1372
1373
1374
1375
1378
1380
1381
1382
1386
1388
1389
1391
1392
1393
1394
1395
1396
1398
1400
1403
1404
1405
1407
1408
1410
1412
1414
1415
1416
1420
1423
1424
1425
1426
1427
1430
1431
1433
1435
1441
1444
1447
1449
1450
1452
1453
1454
1455
1456
1458
1459
1461
1462
1464
1465
1466
1468
1470
1471
1472
1473
1474
1478
1479
1480
1481
1482
1483
1484
1485
1487
1490
1491
1494
1495
1496
1498
1501
1502
1503
1505
1507
1508
1509
1512
1513
1514
1515
1516
1519
1520
1521
1524
1526
1527
1529
1531
1532
1535
1536
1538
1539
1541
1543
1547
1551
1552
1553
1556
1557
1558
1559
1560
1561
1563
1565
1566
1567
1568
1570
1571
1575
1579
1580
1581
1583
1584
1585
1586
1587
1589
1590
1592
1593
1594
1595
1596
1598
1600
1601
1603
1604
1605
1606
1608
1609
1610
1611
1614
1615
1616
1617
1619
1621
1622
1623
1625
1626
1627
1630
1631
1632
1633
1634
1636
1637
1640
1642
1643
1645
1648
1649
1650
1651
1652
1653
1654
1655
1658
1660
1661
1662
1665
1666
1668
1669
1670
1672
1673
1674
1679
1681
1683
1685
1686
1687
1689
1691
1692
1693
1694
1695
1696
1699
1701
1703
1705
1706
1707
1708
1709
1711
1712
1714
1715
1716
1717
1718
1720
1721
1723
1724
1725
1727
1728
1729
1730
1732
1733
1734
1736
1738
1739
1740
1741
1742
1743
1744
1746
1748
1752
1753
1754
1756
1758
1759
1760
1766
1767
1771
1773
1774
1778
1779
1780
1781
1782
1783
1784
1785
1788
1790
1791
1792
1793
1795
1796
1801
1803
1804
1805
1806
1807
1808
1811
1812
1817
1818
1819
1820
1823
1824
1825
1826
1827
1829
1831
1832
1835
1836
1837
1838
1840
1841
1842
1843
1844
1845
1846
1848
1849
1851
1852
1853
1856
1857
1858
1859
1860
1862
1863
1865
1866
1867
1868
1872
1874
1875
1878
1879
1880
1882
1883
1888
1890
1891
1892
1894
1895
1896
1897
1898
1900
1902
1903
1904
1905
1906
1911
1914
1915
1918
1921
1922
1924
1925
1926
1927
1928
1929
1930
1931
1933
1934
1935
1936
1937
1940
1943
1947
1950
1951
1952
1954
1956
1957
1958
1960
1961
1964
1966
1969
1973
1974
1977
1978
1979
1982
1983
1986
1987
1988
1991
1994
1997
1998
1999
2000
2001
2002
2003
2004
2005
2006
2007
2008
2011
2012
2015
2017
2018
2020
2021
2022
2025
2027
2029
2030
2032
2033
2037
2038
2039
2040
2041
2042
2043
2044
2045
2046
2047
2048
2050
2051
2052
2053
2054
2055
2056
2057
2058
2059
2060
2062
2063
2064
2065
2066
2068
2073
2074
2075
2076
2079
2082
2083
2085
2086
2090
2094
2095
2096
2097
2098
2101
2103
2104
2106
2108
2109
2110
2112
2113
2114
2115
2117
2119
2120
2121
2122
2124
2125
2127
2128
2129
2132
2134
2135
2136
2137
2138
2139
2140
2141
2143
2145
2147
2148
2149
2151
2152
2153
2154
2155
2156
2158
2160
2161
2162
2163
2165
2166
2169
2170
2171
2172
2175
2176
2177
2178
2179
2180
2184
2185
2186
2189
2190
2191
2192
2193
2197
2198
2200
2201
2202
2203
2204
2207
2209
2210
2212
2213
2214
2215
2218
2219
2220
2221
2222
2223
2224
2227
2228
2229
2233
2234
2237
2238
2239
2240
2241
2242
2243
2244
2247
2250
2252
2253
2254
2255
2256
2257
2260
2262
2265
2266
2267
2269
2271
2272
2273
2276
2277
2278
2279
2280
2281
2282
2284
2285
2286
2287
2288
2289
2290
2291
2292
2293
2295
2299
2300
2303
2304
2305
2309
2311
2313
2315
2316
2317
2318
2320
2321
2322
2323
2324
2325
2327
2329
2330
2331
2332
2333
2334
2335
2336
2337
2338
2339
2341
2342
2344
2346
2347
2348
2349
2350
2353
2356
2357
2358
2359
2362
2368
2370
2371
2372
2373
2374
2375
2376
2377
2378
2380
2382
2383
2385
2389
2390
2391
2392
2396
2399
2401
2404
2407
2411
2412
2415
2418
2419
2420
2422
2424
2425
2426
2427
2428
2430
2431
2433
2435
2436
2438
2439
2440
2441
2442
2445
2446
2447
2448
2451
2452
2453
2454
2456
2457
2458
2460
2461
2462
2465
2466
2467
2468
2469
2470
2472
2473
2475
2476
2477
2478
2479
2483
2485
2486
2487
2489
2490
2494
2497
2498
2500
2502
2504
2505
2506
2507
2509
2510
2511
2512
2515
2519
2520
2521
2523
2524
2525
2526
2528
2529
2530
2531
2533
2534
2535
2537
2538
2539
2540
2545
2546
2547
2548
2549
2550
2552
2553
2556
2557
2558
2560
2561
2562
2563
2564
2565
2566
2567
2568
2569
2570
2571
2573
2575
2576
2578
2579
2580
2581
2582
2583
2584
2585
2586
2587
2588
2589
2590
2594
2595
2597
2598
2601
2606
2607
2609
2611
2612
2614
2615
2617
2618
2619
2620
2622
2623
2624
2626
2628
2629
2630
2631
2632
2633
2637
2640
2641
2643
2644
2645
2647
2649
2650
2652
2653
2654
2655
2656
2658
2661
2663
2665
2666
2667
2668
2669
2670
2671
2673
2674
2675
2678
2679
2682
2683
2684
2685
2686
2688
2692
2694
2695
2696
2697
2702
2703
2704
2706
2707
2708
2711
2712
2714
2718
2720
2721
2722
2723
2725
2727
2728
2733
2734
2735
2736
2737
2740
2742
2743
2744
2746
2748
2750
2751
2752
2755
2756
2757
2758
2760
2761
2762
2764
2765
2766
2767
2768
2769
2770
2772
2773
2774
2775
2777
2778
2781
2782
2785
2786
2788
2789
2790
2793
2794
2796
2802
2803
2804
2805
2808
2809
2810
2811
2812
2815
2816
2817
2818
2819
2820
2821
2822
2823
2825
2826
2827
2828
2829
2830
2834
2835
2836
2838
2839
2842
2843
2845
2849
2850
2852
2853
2855
2856
2858
2860
2861
2862
2864
2865
2866
2867
2868
2869
2870
2871
2873
2874
2875
2876
2877
2878
2879
2880
2881
2882
2884
2887
2891
2892
2894
2895
2897
2898
2901
2902
2903
2911
2912
2913
2914
2915
2916
2917
2919
2922
2923
2924
2928
2929
2930
2931
2934
2938
2939
2940
2941
2944
2945
2946
2947
2948
2949
2950
2951
2952
2953
2957
2958
2959
2960
2961
2965
2966
2969
2971
2975
2979
2980
2981
2982
2983
2984
2985
2986
2988
2991
2993
