475
917
2662
4611
30404
50544
16961
20000
23783
25366
31459
33140
36373
39887
40956
50371
51657
52813
67315
68567
71561
82401
95354
96194
98604
2219
3892
7002
22624
26003
28556
40716
53305
75961
79681
45037
48225
63641
64253
64893
66547
76894
82711
90204
91730
97976
1956
2877
25961
26945
31578
35235
38480
46903
50227
52406
57524
64536
65257
67156
88249
90241
93405
1868
4334
12188
15327
16293
29125
33357
42730
45118
54747
59926
70126
70353
75635
82885
2187
6131
12910
14307
15320
16303
17085
19891
21961
29820
30590
32298
35822
54020
60675
63098
63451
68178
79400
7
90
100
103
106
111
162
221
229
261
280
336
341
397
438
456
471
533
597
598
667
834
887
946
949
958
972
989
1051
1082
1084
1126
1173
1179
1202
1233
1256
1295
1347
1374
1422
1509
1605
1616
1629
1652
1657
1667
1680
1763
1833
1955
2015
2072
2096
2122
2166
2259
2271
2284
2303
2336
2378
2385
2414
2445
2516
2522
2544
2556
2629
2703
2727
2756
2763
2842
2897
2932
2951
2967
3095
3180
3204
3311
3327
3354
3381
3402
3423
3495
3508
3611
3657
3666
3667
3682
3687
3838
3840
3842
3879
3925
4009
4053
4064
4111
4155
4186
4191
4205
4236
4316
4342
4346
4501
4548
4641
4655
4708
4713
4761
4779
4822
4880
5150
5187
5204
5267
5337
5434
5480
5510
5527
5545
5554
5563
5598
5625
5735
5764
5787
5789
5813
5827
5975
5977
6092
6189
6221
6224
6226
6274
6290
6313
6319
6344
6512
6514
6556
6603
6639
6651
6729
6777
6810
6821
6877
6930
6932
6978
7008
7016
7021
7057
7066
7071
7096
7200
7222
7399
7476
7535
7648
7659
7749
7752
7753
7754
7921
7969
7978
8071
8102
8144
8233
8265
8292
8295
8322
8334
8368
8371
8427
8444
8448
8473
8500
8510
8517
8520
8547
8586
8610
8670
8743
8795
8910
8942
8952
9042
9049
9054
9192
9365
9395
9402
9408
9506
9607
9628
9655
9739
9762
9897
9911
9971
10164
10182
10264
10356
10371
10372
10394
10404
10452
10488
10551
10587
10588
10614
10657
10659
10726
10785
10787
10934
10955
10993
11012
11043
11067
11071
11073
11082
11180
11389
11470
11566
11605
11606
11656
11679
11698
11762
11820
11858
11941
11956
11984
12085
12088
12109
12203
12226
12228
12239
12250
12317
12402
12487
12490
12496
12560
12568
12584
12643
12669
12680
12735
12766
12790
12880
13014
13073
13077
13085
13173
13194
13203
13245
13328
13356
13553
13582
13589
13598
13626
13722
13769
13842
13868
13870
13978
13998
14002
14019
14035
14039
14418
14473
14491
14543
14551
14565
14616
14718
14730
14795
14802
14816
14848
14851
14880
14894
14936
15008
15066
15118
15134
15141
15170
15187
15229
15341
15369
15422
15468
15638
15652
15658
15711
15770
15779
15782
15859
15938
15949
15960
15975
16060
16127
16212
16225
16318
16324
16347
16361
16369
16415
16480
16525
16538
16539
16561
16663
16730
16759
16807
16856
16908
17061
17063
17067
17102
17291
17369
17394
17491
17492
17550
17552
17570
17586
17589
17747
17795
17882
17904
17917
17947
18001
18043
18096
18188
18192
18247
18290
18304
18306
18320
18438
18447
18470
18502
18532
18606
18613
18616
18640
18650
18773
18785
18802
18869
18914
18996
19014
19093
19215
19224
19240
19278
19279
19282
19293
19295
19307
19321
19433
19479
19599
19786
19904
19981
20054
20110
20138
20152
20187
20252
20267
20294
20384
20415
20424
20719
20732
20738
20809
20840
20890
20904
20929
20961
20978
20987
21029
21175
21202
21383
21390
21437
21502
21515
21576
21618
21655
21677
21684
21947
21958
22031
22056
22074
22106
22109
22123
22162
22172
22217
22234
22307
22311
22313
22344
22354
22379
22528
22537
22544
22647
22695
22764
22784
22823
22851
22902
22920
23003
23154
23174
23205
23309
23329
23351
23356
23470
23482
23529
23563
23581
23582
23591
23616
23640
23826
23851
23954
23992
24232
24320
24377
24388
24444
24465
24476
24484
24492
24552
24568
24581
24622
24656
24747
24889
24894
24918
24967
25009
25157
25223
25341
25415
25426
25578
25592
25829
25918
26014
26138
26143
26177
26467
26508
26546
26574
26597
26839
26867
26875
26906
26951
27057
27076
27089
27090
27225
27259
27302
27378
27472
27485
27491
27495
27499
27671
27755
27881
27897
27945
28060
28131
28178
28207
28277
28346
28397
28401
28522
28526
28595
28685
28708
28830
28836
28888
29018
29020
29034
29124
29128
29146
29245
29259
29315
29533
29558
29590
29847
30002
30046
30259
30293
30301
30330
30423
30437
30541
30621
30634
30686
30782
30821
30886
30920
30946
30963
30978
30981
30988
31029
31095
31105
31106
31116
31220
31236
31304
31326
31361
31463
31498
31565
31606
31626
31798
31932
31936
31978
32000
32016
32025
32069
32160
32181
32217
32307
32376
32481
32524
32590
32692
32698
32751
32808
32843
33060
33093
33101
33252
33289
33295
33312
33448
33473
33560
33565
33622
33635
33660
33751
33794
33801
33816
33848
33856
33941
33943
33957
33964
34032
34127
34296
34299
34401
34461
34464
34474
34509
34519
34539
34593
34792
34825
34850
34878
34895
34923
34941
34969
35014
35036
35040
35046
35071
35074
35125
35247
35255
35402
35459
35574
35575
35590
35723
35729
35765
35827
35858
35874
35919
35929
36007
36011
36069
36117
36193
36254
36367
36471
36535
36574
36622
36669
36691
36697
36702
36709
36730
36742
36748
36767
36770
36813
36949
37096
37129
37146
37180
37214
37224
37257
37281
37328
37344
37417
37435
37461
37485
37540
37569
37645
37773
37811
37868
37869
37891
37959
38009
38076
38086
38154
38176
38201
38280
38303
38375
38411
38484
38542
38592
38602
38607
38621
38635
38640
38647
38651
38717
38733
38739
38940
39003
39046
39123
39157
39173
39307
39333
39343
39397
39410
39467
39655
39669
39709
39749
39750
39797
39798
39850
39890
39912
39994
40098
40101
40257
40289
40295
40341
40386
40400
40413
40422
40464
40507
40546
40556
40590
40609
40640
40646
40661
40697
40744
40895
40929
41099
41168
41171
41177
41234
41369
41551
41632
41696
41741
41856
41861
41909
41921
41930
42015
42040
42119
42182
42191
42259
42299
42562
42610
42635
42752
42758
42766
42779
42798
42799
42811
42880
43076
43099
43135
43152
43210
43218
43302
43344
43393
43402
43403
43422
43457
43465
43541
43609
43613
43677
43689
43810
43827
43850
43903
43917
43923
44074
44117
44155
44176
44199
44247
44308
44320
44444
44570
44573
44659
44665
44713
44732
44737
44761
44827
44850
44884
44948
44980
45023
45033
45057
45064
45136
45138
45186
45265
45328
45378
45406
45421
45483
45519
45551
45623
45730
45762
45873
45946
45950
45972
46057
46061
46062
46077
46139
46144
46162
46164
46188
46216
46235
46238
46244
46312
46404
46452
46459
46464
46479
46533
46592
46598
46616
46646
46784
46791
46798
46802
46805
46828
46855
46878
46879
46974
47024
47052
47225
47288
47338
47400
47465
47529
47536
47543
47581
47614
47657
47664
47751
47830
47956
48012
48085
48137
48153
48154
48177
48202
48345
48385
48420
48451
48620
48626
48697
48771
48775
48794
48851
48860
48941
48957
48967
49001
49082
49121
49217
49308
49365
49368
49379
49459
49474
49545
49583
49599
49907
49940
49950
50075
50165
50294
50405
50419
50642
50652
50722
50774
50780
50805
50826
50902
51100
51103
51277
51310
51340
51350
51365
51367
51370
51399
51418
51420
51440
51449
51450
51487
51495
51581
51592
51660
51713
51733
51766
51784
51797
51828
51872
51888
51943
51967
51976
52234
52301
52375
52482
52528
52660
52821
52852
52930
53039
53129
53165
53176
53260
53296
53364
53411
53421
53462
53475
53536
53597
53604
53609
53657
53695
53735
53783
53788
53804
53829
53913
53973
54027
54048
54081
54098
54105
54182
54237
54259
54283
54311
54334
54368
54477
54538
54549
54556
54624
54661
54722
54806
54816
54821
54850
54905
55019
55050
55066
55075
55103
55125
55143
55239
55259
55342
55415
55430
55504
55510
55620
55625
55658
55683
55684
55766
55904
56114
56147
56208
56231
56241
56243
56437
56585
56588
56598
56600
56663
56792
56810
56837
56932
56960
57107
57132
57235
57239
57254
57339
57379
57394
57407
57427
57435
57536
57552
57583
57598
57622
57631
57675
57721
57731
57749
57799
57804
57880
57889
57904
58009
58139
58213
58233
58358
58411
58615
58697
58729
58991
59011
59068
59184
59188
59298
59318
59394
59395
59420
59434
59519
59549
59597
59611
59703
59728
59742
59798
59913
60126
60165
60183
60188
60272
60305
60338
60416
60486
60577
60593
60668
60673
60704
60721
60734
60756
60779
60781
60883
60909
60917
60930
60964
61010
61108
61114
61143
61192
61207
61256
61306
61391
61461
61479
61540
61590
61643
61649
61662
61689
61771
61852
61893
61895
61904
61941
61951
61965
62031
62051
62118
62144
62162
62190
62195
62202
62248
62446
62456
62479
62486
62642
62654
62679
62688
62757
62775
62837
62838
62856
62969
63056
63110
63131
63310
63348
63355
63363
63384
63418
63442
63553
63612
63613
63654
63727
63759
63791
63833
63907
64050
64077
64162
64209
64259
64261
64275
64344
64349
64361
64383
64466
64599
64642
64648
64765
64770
64822
64851
64894
64957
64959
65033
65042
65085
65154
65183
65255
65298
65457
65479
65550
65569
65571
65630
65668
65746
65771
65801
65840
65998
66004
66016
66079
66143
66166
66232
66234
66366
66371
66468
66486
66592
66679
66690
66693
66764
66780
66792
66797
66830
66857
66921
67104
67140
67165
67182
67206
67271
67438
67456
67551
67571
67590
67621
67697
67708
67717
67722
67797
67843
67857
67865
67984
68123
68259
68305
68312
68338
68450
68491
68507
68541
68618
68699
68760
68877
69038
69046
69093
69153
69203
69231
69295
69322
69344
69378
69380
69393
69429
69434
69477
69557
69570
69578
69621
69682
69720
69738
69771
69793
69826
69837
69861
69875
69927
69981
70160
70162
70181
70202
70204
70224
70343
70376
70381
70398
70497
70567
70581
70595
70620
70637
70658
70704
70743
70773
70848
70944
70961
70967
71006
71111
71142
71331
71429
71577
71595
71652
71715
71743
71773
71794
71814
71828
71867
71877
71896
71938
72006
72062
72070
72086
72164
72230
72239
72300
72310
72333
72343
72354
72368
72408
72453
72563
72596
72617
72662
72729
72804
72860
72914
72924
73022
73027
73039
73052
73091
73121
73198
73224
73320
73383
73528
73540
73778
73789
73866
73892
73896
73916
73924
73951
74004
74028
74062
74107
74119
74147
74175
74260
74279
74311
74312
74468
74496
74513
74599
74643
74674
74730
74762
74764
74839
74904
74930
74973
74976
75028
75031
75062
75093
75095
75100
75138
75146
75276
75341
75351
75458
75763
75768
75784
75796
75811
75863
75903
75912
75938
75942
75951
75973
76044
76063
76090
76202
76302
76414
76488
76538
76549
76554
76555
76606
76624
76632
76686
76773
76824
76889
76910
76920
76931
76990
77029
77068
77102
77172
77226
77264
77275
77281
77283
77315
77330
77456
77493
77754
77814
77823
77832
77840
77847
77921
77955
77974
77999
78002
78006
78018
78040
78044
78356
78357
78370
78453
78462
78662
78694
78705
78755
78803
78848
78852
78864
78869
78891
78929
78965
79017
79030
79082
79136
79138
79183
79265
79275
79279
79317
79373
79423
79559
79566
79583
79603
79622
79664
79675
79679
79701
79715
79807
79809
79860
79916
79958
79981
80000
80023
80085
80087
80157
80171
80216
80251
80387
80440
80534
80548
80570
80601
80607
80663
80734
80986
81001
81051
81193
81244
81419
81526
81576
81646
81747
81781
81816
81874
81931
81942
81982
82010
82097
82192
82350
82425
82466
82484
82486
82613
82695
82797
82812
82906
83049
83106
83165
83170
83174
83234
83308
83336
83357
83395
83397
83401
83440
83533
83588
83624
83813
83883
83887
83890
84100
84200
84243
84299
84338
84365
84459
84467
84508
84536
84543
84600
84627
84628
84658
84685
84704
84833
84878
84974
85055
85077
85085
85099
85131
85194
85207
85222
85285
85310
85328
85389
85437
85616
85669
85700
85710
85717
85780
85837
85972
85997
86007
86053
86134
86183
86188
86189
86258
86275
86282
86295
86304
86367
86485
86512
86538
86591
86611
86613
86775
86784
86792
86840
86908
86991
87084
87122
87141
87295
87389
87481
87485
87542
87592
87632
87660
87736
87764
87811
87823
87861
87875
87914
88008
88062
88177
88213
88293
88328
88435
88474
88517
88534
88578
88627
88698
88768
88808
88840
88854
88953
88962
89016
89061
89191
89216
89245
89282
89332
89333
89385
89420
89511
89534
89540
89576
89734
89743
89746
89783
89786
89790
89882
89927
89946
89959
90163
90252
90263
90432
90528
90639
90717
90724
90742
90748
90811
90819
90839
90933
91035
91085
91121
91136
91188
91202
91268
91316
91325
91478
91506
91520
91669
91676
91690
91855
91876
91878
91922
92076
92115
92122
92196
92360
92367
92449
92621
92689
92699
92708
92714
92782
92830
92935
92959
92968
92982
93055
93100
93149
93156
93164
93209
93228
93323
93352
93358
93390
93401
93437
93486
93522
93536
93543
93551
93571
93595
93606
93654
93680
93740
93904
93920
93978
93982
94024
94026
94056
94104
94111
94128
94138
94180
94274
94352
94395
94397
94413
94435
94438
94447
94492
94588
94633
94704
94748
94900
94905
94955
94958
94997
95001
95009
95038
95051
95119
95177
95228
95297
95450
95531
95557
95577
95660
95673
95845
95914
95958
96038
96134
96249
96317
96334
96359
96398
96474
96477
96508
96564
96577
96582
96684
96820
96825
96884
96890
96941
97004
97009
97076
97087
97105
97137
97203
97207
97224
97248
97250
97268
97307
97308
97392
97429
97466
97568
97606
97622
97661
97895
97936
98086
98143
98176
98318
98332
98398
98409
98511
98539
98639
98650
98667
98686
98714
98747
98797
98886
98943
98946
98967
98976
98992
99026
99038
99172
99241
99292
99417
99467
99470
99507
99604
99624
99693
99723
99741
99767
99806
99851
99856
49
2781
3703
3784
7445
8178
8833
12083
12445
12507
16314
17287
20769
33006
35768
37291
43726
55086
55130
58234
60197
64812
69750
75311
80306
82570
92330
94051
99960
10048
10302
17320
18473
23131
26739
29942
34447
36558
38415
42726
49908
55770
56322
59754
61175
70585
70692
74943
75412
78519
81944
84115
85503
90787
91314
96229
98586
7138
7690
9041
13269
13292
14445
17597
18601
20873
20907
22193
27052
27071
29844
33000
35546
35643
38643
38965
40850
42167
50968
54505
54831
56349
56999
64106
67817
68275
68826
70020
72798
73770
77451
86559
89955
90888
91285
1041
1733
3075
5355
11434
23156
23248
23692
24749
24874
28664
28696
31426
33065
34067
40448
40951
41510
42269
43876
45690
50719
52151
52413
60153
61359
63506
67727
70439
71501
79934
85436
90292
90712
92740
95565
624
1519
1940
2908
7787
8531
11045
16348
17388
17495
18474
20898
21002
23445
24512
24535
24996
25054
25311
25412
27060
28206
29294
30327
37175
40191
41055
41884
42854
46513
46660
47137
49650
50909
51259
54181
56030
58145
59028
61166
61854
62071
65051
66390
66678
67323
69387
70897
71043
72582
77728
84297
86862
89052
91274
96777
97778
99400
154
1971
2308
2974
4488
7694
8268
10140
10202
12032
13228
14043
17327
20872
22785
25199
25286
27925
28800
30866
33344
38815
41776
46156
50572
51126
52653
52829
53506
53541
54177
55561
55594
56964
61901
62874
63992
69706
73381
75110
75712
75983
76132
80322
80383
83564
84884
87900
89966
91828
92125
93180
93341
1354
4209
7105
9493
11451
12080
13715
14545
15928
24762
32906
33668
38861
41415
41813
41887
44310
49339
51923
56704
57823
57896
64714
64769
68339
70101
72331
76665
78439
81370
88799
92416
93824
94698
94944
95594
96292
97645
97806
99296
99984
692
1131
1199
4815
5870
9496
9713
10743
11652
12590
13271
13570
14190
16129
18134
18398
20410
22361
22583
22631
22697
22728
24471
26087
28691
28954
42933
43415
43521
44856
45901
45907
46475
46547
46915
48306
48319
49931
50188
51218
51497
54394
54849
55992
56293
57347
62940
63521
66636
66723
68148
70237
70662
70837
72489
73422
73878
74019
75342
76069
77103
79458
81789
81933
82053
82586
83068
83191
87616
87635
87995
89607
89619
90239
91315
91797
92800
93684
94045
95665
95680
95955
96525
98647
99974
2906
5064
5492
6704
6709
7386
7822
8372
8532
11876
13885
15709
16304
16574
19373
19515
24840
24850
25317
26256
28098
28376
28464
30274
30494
30696
30828
31615
31904
32733
35339
36847
37825
37890
37970
39266
41028
41274
42886
43503
45374
45698
47881
48512
48766
49239
51150
52700
52991
53793
53971
54383
55162
55409
55443
55580
56219
56300
57155
57220
59219
59562
59903
62037
62231
63640
63739
64003
66180
66431
67161
69389
69698
71549
71755
72939
73013
73432
74459
75012
75308
75491
79366
79469
79581
80411
80754
81906
82048
82998
83784
84802
87605
88136
89272
92351
93882
94770
95795
96990
97157
97405
98336
98407
99024
99491
661
1087
2502
5147
5231
5552
5558
6240
7720
7888
8169
8312
9491
12384
12721
14249
14400
15067
17409
17642
18033
18315
19214
19300
19316
19556
19686
20883
21973
23035
24282
28128
28656
29793
30034
30658
31576
31659
31943
32095
32708
32723
32858
33742
33837
34419
34644
35832
35967
36032
37012
37633
37819
38191
39551
40129
40466
41455
41544
42117
42483
42803
43736
44358
44487
44707
45532
45764
46257
46750
47164
47211
48343
48373
48426
51672
52263
52507
52805
52880
53047
53239
54796
54861
56396
56828
57240
57539
57665
57758
58229
58467
58484
59234
62369
63528
63656
64802
65067
65443
66959
67806
68720
69152
71910
72158
72777
73089
74560
75141
75251
75875
76841
78304
79113
81993
82553
84049
84195
85240
86126
86872
87495
88947
88980
90014
90897
92581
93049
93112
93575
93699
94087
95083
95323
95674
97604
98706
99497
99926
99995
822
1600
2399
2524
2732
3105
3182
3197
4400
5314
5901
6084
6662
6884
7256
7353
7608
7619
8306
8375
8996
9457
10750
10987
11311
13104
13421
13717
13794
14088
14095
14505
14928
15174
15490
16128
16679
16905
17045
17046
17450
18980
20242
20340
20428
20470
20845
20933
21075
21542
21908
22332
22893
23181
23742
24678
25505
26388
26547
27372
27447
27474
28517
28530
28851
29670
29756
30051
33260
33647
33822
34218
34485
34575
34942
34980
35706
36910
36995
37016
37147
37549
38948
39285
39766
39949
39973
39993
41858
41910
43191
43879
45183
45336
45337
45753
45908
46014
46141
47777
49640
49859
50466
51041
53237
56001
56780
58116
58127
58643
58898
59220
59382
61421
62052
62104
62933
63797
64783
65544
66103
66223
68217
68642
69736
69980
71995
73397
74598
75710
77478
77768
79481
79552
80844
81368
81763
82261
82418
83107
83258
83391
83603
83632
84917
87912
88907
89391
89519
90845
91013
91956
92685
92791
92905
93926
93996
94214
95706
97503
98310
98554
710
804
1409
1853
1973
2152
2493
3157
4482
4666
4972
5612
7274
7358
7433
8150
8707
9060
9263
9448
9657
10734
11266
11455
12021
12192
12716
14176
14371
15055
15252
15730
16291
16498
16507
16623
17249
17381
17504
17891
18448
19685
20417
20509
21176
21733
23216
23392
24473
25842
25898
25968
26089
26362
26465
27220
27579
27649
27783
28161
29046
29247
29471
30226
30439
30732
31495
31627
32040
32092
32273
32460
32626
32646
33284
33464
34528
34667
34717
34834
35002
35316
35791
36415
36912
36981
37410
37629
39137
39186
39378
41330
41676
42407
43442
43531
44121
44424
45210
45317
45822
46249
46350
46609
46635
46961
47384
47686
47760
47776
47853
48136
48931
49423
51358
51725
52020
52500
52689
53205
53329
55772
56029
56099
56158
56687
56926
58136
59145
59600
59868
60255
60389
60763
60906
61028
61194
63922
64018
64039
64297
65254
65287
66201
66825
67002
67289
67729
67840
68440
68710
68871
68994
69302
69369
69775
69846
70127
71732
72634
72870
73074
73274
73419
73433
73633
73792
74001
74144
74324
75144
75414
75749
76093
76885
76947
77055
77059
77635
77798
78570
78727
79139
79313
80594
81388
81629
81648
82102
82238
82560
82664
84133
84581
85913
86155
86605
86984
87407
87717
87905
88002
88028
88128
88153
88715
89030
89327
90486
90822
91006
91174
91480
91532
92867
93256
93607
94188
94275
94436
95273
95420
95697
96027
96379
96654
97979
98074
98329
98484
98961
99062
99309
99689
379
497
499
585
595
955
1450
1591
2927
3534
3786
3801
4025
4201
4712
5010
5745
5815
6636
6851
7171
7731
7797
8077
8369
9268
9750
10105
10201
11008
11491
11628
12220
13001
13466
13474
13494
13844
14158
14226
14561
16386
17163
18024
18250
18542
18680
19799
19834
20462
21688
21798
22668
22922
23494
23638
23726
23868
24801
24815
25436
25481
25612
27161
27351
27607
27625
28574
28834
29552
30435
30927
31206
31466
31585
31612
32859
32962
33171
33765
33967
34003
34036
34168
34280
34301
35463
35705
35727
35991
36180
36542
36657
37088
37108
37775
38033
38757
38954
39825
40038
40410
40932
41135
42301
42559
43332
43712
43825
43922
43959
44058
44271
46588
46887
48028
48209
48391
48496
48597
48781
49069
50109
50160
51347
51410
52597
52993
53494
53600
53637
53889
54156
54395
54811
54992
55062
55255
55386
55481
56103
56175
56417
57080
57564
59120
59270
59476
60025
61255
61416
62086
62160
62368
63284
64130
64172
64270
64855
64887
64976
65331
65590
65886
66604
67073
67231
67562
67641
68224
69047
69235
69415
71490
71730
71793
72651
73165
73641
73821
73927
74027
74722
75049
75156
75171
75295
75429
75478
75682
75729
75894
76548
77005
77335
77907
78524
78681
79299
79459
79509
80074
80563
81655
82647
83340
83721
83738
84207
84440
84853
84923
85544
85940
85983
85994
86049
86298
86421
86430
86809
88006
88432
90373
90496
90640
90824
91110
91907
91965
92000
92102
92441
93328
93455
93557
93874
94624
94641
94795
95310
95427
95864
95873
96315
96838
96949
97035
97142
97385
98186
98842
98891
98898
410
799
1912
2005
2475
2691
2799
3070
3187
3558
4493
5159
5910
6156
6581
6866
7637
7824
7926
8122
8235
9466
9470
9835
9986
10832
11135
11403
11827
12517
13524
13919
14459
16417
16692
16801
17890
18021
18127
18172
18728
19218
19227
19734
20085
20098
20232
20471
20743
21444
21577
21725
21835
22375
23019
23882
24565
24630
24991
25145
25344
25356
25630
25678
25723
25846
25930
26687
27131
27217
27315
27922
28101
28864
28904
29797
30318
30672
30689
31181
31210
31233
31262
31594
31603
31619
31970
32158
32335
32466
32554
32763
33817
33980
34112
34123
34392
34898
35539
36426
36612
37360
37651
37886
37920
38106
38528
38869
39009
39487
39650
39909
40034
40050
40259
