472
378
671
64
180
193
673
810
870
996
143
768
930
128
343
584
140
374
380
892
695
200
234
293
658
13
573
700
336
738
878
544
804
54
453
196
447
167
470
318
462
610
245
490
840
654
16
441
531
127
590
263
407
617
806
866
914
151
87
991
186
224
465
261
901
333
29
487
522
571
698
793
40
325
355
413
679
381
473
485
629
680
746
796
101
932
82
182
274
191
363
269
367
264
203
444
387
284
231
404
488
498
780
824
838
260
938
55
129
156
900
199
202
607
281
334
396
549
648
684
735
773
905
929
959
964
974
999
20
42
73
80
107
144
285
296
306
308
365
418
422
426
428
517
529
533
588
589
661
765
833
939
951
955
47
961
968
126
53
93
168
175
187
194
214
229
240
252
256
278
340
354
406
452
469
500
516
528
537
543
575
598
611
669
703
706
791
727
827
771
851
902
957
993
0
10
25
49
70
72
78
90
116
162
176
230
286
292
298
371
386
400
417
439
455
467
525
530
536
666
697
701
705
730
779
788
792
807
848
855
887
888
894
898
923
972
69
91
98
100
131
152
216
232
254
265
270
275
303
321
330
335
341
351
377
388
491
502
545
631
634
656
709
785
787
789
873
874
919
941
950
56
58
60
61
259
83
86
122
314
233
272
337
338
349
416
420
482
430
476
480
615
494
506
514
583
702
717
739
621
620
798
686
723
750
801
737
823
862
763
863
822
977
108
135
958
148
22
920
165
117
316
856
137
145
159
241
992
319
287
299
339
312
364
392
409
410
411
565
446
562
577
4
657
704
794
820
534
6
850
782
890
8
625
19
895
649
539
21
664
31
736
852
882
952
926
1
28
89
30
34
35
2
37
39
41
3
46
5
7
50
9
52
63
59
77
11
81
136
12
138
94
228
99
67
14
106
15
17
103
110
289
18
27
112
134
24
139
23
71
155
172
26
181
32
33
36
190
290
163
219
307
170
173
38
206
221
198
65
43
235
74
75
85
217
44
45
209
92
96
169
188
97
250
205
104
113
68
210
258
115
327
213
237
48
317
239
350
195
243
359
51
246
244
62
481
253
376
266
121
268
382
271
501
118
273
142
123
57
391
508
125
313
301
130
66
309
302
311
512
322
639
331
277
133
147
76
79
84
553
347
521
358
578
366
150
153
370
154
88
454
164
179
166
373
295
699
379
716
390
171
207
719
201
582
215
225
720
393
535
399
401
593
385
222
408
227
412
305
962
414
223
421
606
427
458
433
437
438
443
310
95
255
429
448
342
449
616
457
461
324
463
132
477
486
348
619
489
102
665
236
249
504
510
257
624
541
523
546
784
551
586
184
559
524
561
204
576
591
540
592
356
288
594
805
297
105
668
300
518
603
424
613
542
320
628
440
323
743
641
579
267
660
945
676
734
677
326
580
688
707
749
329
478
711
345
585
712
672
715
694
722
803
368
728
495
731
829
109
389
758
372
759
762
886
776
602
778
927
783
808
383
786
797
981
812
431
394
397
403
435
814
651
415
111
816
507
818
713
834
835
800
854
841
861
552
864
141
825
867
868
876
879
587
880
471
885
896
114
947
907
909
918
149
921
572
936
924
937
597
946
160
897
953
614
960
282
967
483
970
174
933
973
916
985
630
988
948
949
419
640
119
120
124
146
157
158
161
177
178
183
185
189
192
197
208
211
212
218
220
226
238
242
247
248
251
262
276
279
280
283
291
294
304
315
328
332
344
346
352
353
357
360
361
362
369
375
384
395
398
402
405
423
425
432
434
436
442
445
450
451
456
459
460
464
466
468
474
475
479
484
492
493
496
497
499
503
505
509
511
513
515
519
520
526
527
532
538
547
548
550
554
555
556
557
558
560
563
564
566
567
568
569
570
574
581
595
596
599
600
601
604
605
608
609
612
618
622
623
626
627
632
633
635
636
637
638
642
643
644
645
646
647
650
652
653
655
659
662
663
667
670
674
675
678
681
682
683
685
687
689
690
691
692
693
696
708
710
714
718
721
724
725
726
729
732
733
740
741
742
744
745
747
748
751
752
753
754
755
756
757
760
761
764
766
767
769
770
772
774
775
777
781
790
795
799
802
809
811
813
815
817
819
821
826
828
830
831
832
836
837
839
842
843
844
845
846
847
849
853
857
858
859
860
865
869
871
872
875
877
881
883
884
889
891
893
899
903
904
906
908
910
911
912
913
915
917
922
925
928
931
934
935
940
942
943
944
954
956
963
965
966
969
971
975
976
978
979
980
982
983
984
986
987
989
990
994
995
997
998
